20149107
2486520
20679483
10533051
19378227
18620174
20487414
19251358
23283591
22669256
2246376
18870857
19967413
1873874
24054796
24312160
23055735
7181947
22030213
23286949
11249834
10186207
10590500
7843743
10585542
5361157
19691404
23862244
19325382
21549197
23155650
6659881
18908914
22564868
22489235
18150863
23090990
20487458
21084455
22534618
11187262
22811832
19271401
3844400
18803524
18588596
10708881
10612296
10912272
18137101
11260958
10437195
6040371
21049441
21111276
11075828
5553854
7894277
21030077
11162840
10694360
18758626
11162815
10722103
22593640
21915963
18983234
22135052
7550019
11045866
11100677
11013292
10475014
11134472
18327101
23282003
19873576
20723545
7470284
8122848
19025710
5673813
18042193
18852064
11044889
20485667
11086871
19777869
18252704
22137971
18966443
19997796
21866456
23947549
21167447
11198342
759815
24257598
24012218
23311438
19052366
21501218
24264921
19790238
5919984
20767854
21157579
11090238
11273622
7548208
11039677
22305960
23595520
23731405
20947166
21202596
18254165
8022665
8116016
24278336
21336815
7014165
18450814
18478793
22380424
18949955
5175715
20125983
24143965
21195078
10318265
11109964
23722295
355966
7573049
23331433
11036245
1180488
22202737
2165427
21031756
19451938
19473497
7958796
19870006
10464260
6457226
9756311
21020035
20648248
23020287
20780584
23213141
20649384
22606159
10857116
10115860
22395742
19123543
10258341
3011561
18206429
18425154
19326301
21921009
17948306
19120502
10178423
23812441
10533344
11131713
20708080
18428441
22020557
11219030
2886430
21358997
10933571
7763930
10921047
19892293
21900227
876476
19325200
18249664
19109788
18899250
20217115
22795318
3773332
11261824
18158210
19063540
23872903
3752874
19373530
18624714
18975039
18176068
10719824
18688131
23866273
22974991
20612458
20779298
21834253
19744742
21127529
18938130
19853230
20820089
20092445
21417611
22028883
19678146
23496228
19554898
18807545
10476373
11222914
23740742
18098715
11026945
22418802
23834387
9789012
5665724
20575430
5600465
22466230
11060307
17967334
3149758
20613160
7856886
21826406
10855888
22819477
22981155
9739035
18741000
7804771
21504350
6725110
21359209
21197070
21497934
11124589
19606322
22368187
18588303
21050510
22111877
18532672
24260891
18975963
7304995
21606893
22956245
19826193
9691673
18200773
21338538
21229484
18803793
19013764
21696920
21702201
23022624
20557837
23100649
6092782
10387080
11200066
21453036
10623335
10806486
22426381
11058129
19989670
22083837
19014358
22081763
24117645
5641485
19072145
21840967
18917531
8131401
23649888
17949452
24208104
21486657
23913159
22225911
24283780
11047466
22009606
21278487
21816896
7864310
22752041
10826882
24235501
17911440
21475268
23151098
23614459
6900278
11110108
18875574
20006639
20434580
18881862
10642975
18155023
21113214
10658243
24278258
6290292
8048333
23761314
1102634
22130576
22977289
24077708
2973531
19025474
7853789
19073540
18602903
19973414
24175176
22048292
24129623
20636885
10427102
10801404
21330274
21283556
20153856
11248956
10318858
21489097
18671080
24226976
11081949
10679661
22828739
22516753
22194769
8153135
23398610
22444640
18311133
10188589
23910022
21210175
19364286
24278222
10643250
11054377
22566214
23919898
18675349
18288486
23132912
20917854
18515965
11020519
19869999
20919066
21825893
10976084
18368059
18758526
7198654
20677231
17946804
10584354
9837613
11281811
8156349
3060565
20637621
19924705
19262945
10799050
7223720
18370860
18897715
21606557
20828137
21972657
20363993
20959281
18074551
20056354
20083832
18662761
20961513
18801748
5848828
20723529
3061704
1166972
18153367
10821287
19089581
19681409
10069922
20614407
1183873
19667587
18517662
22132204
22736236
21817583
23834436
22597449
11127379
24225016
10226216
11171122
19467254
10601773
18818694
18858971
18513561
23053381
21139929
21003352
21793295
21022450
18139355
22806797
20835593
18462944
6277606
19862623
11215702
18908343
22470536
21075900
18676639
11110492
17993672
19060919
18334941
6103189
23880840
23111842
7316098
20767861
21701638
20006450
10891788
10541557
22458580
19051398
22866814
24245401
22499708
22094047
20985789
20816941
3685529
22229255
6765427
20815515
10806363
10715668
11048975
6370755
22672030
19519309
24191474
20972598
21895005
7904737
21411235
23210292
18117255
20812393
19025257
20723482
18802190
6810670
11197681
7311722
10387321
10910685
19371981
22009421
18951254
7349822
20284159
18481632
2958947
10573382
20650950
10986828
22735295
19732997
24067165
7680440
10031633
18987665
24069141
7773378
17948488
19692774
7856864
21086243
23516542
10646154
23311473
22851470
22163865
22657060
11228658
22872575
10643316
11200484
18661056
24224014
20578715
10591108
20133721
21823102
18566476
7708121
22688318
21600246
19114779
18934576
10806314
18284139
2396068
22640064
19255719
10483475
19329547
11108063
6501137
21712558
6158747
19418116
19821203
22921279
21767476
18838003
21076463
22691632
21305928
5341304
19393286
19570602
21342268
20767835
10929355
20659466
19389800
7151496
7267966
18916120
6699476
18906798
3046920
21549389
6962845
18117922
8060295
22503844
22467153
10553286
10815502
20855825
23917742
18410660
18092393
8095323
22535815
20816408
10394896
20975425
11108403
20673695
19701503
10868233
19530059
9782487
7934964
11228343
23106911
9978285
18487854
7600058
20767841
20779807
20723531
19084646
20591773
21476992
21053672
6742743
10071507
18848690
18671197
10031518
18419942
21036309
21065637
21201737
24119975
22230338
19336277
10335285
22318037
20682729
7430121
18120584
20102793
23835211
23270928
19477717
20099034
18924120
20862360
24263021
23845543
18639663
11237486
19357657
18752703
20687905
7900612
19890945
9979514
22683155
7978896
7737427
20974339
22021949
23550442
20703917
21821563
23646735
10987613
20733749
18830349
10419040
18490459
19535880
21052894
10258364
20928229
10269830
3668646
10995915
19078085
20633427
20591867
19404765
21080209
21760426
20694875
22416308
20602746
18250840
6884313
18119831
19731340
18728600
19627022
18433619
20389401
22517866
10199518
19359014
22607152
21194381
24186422
10848679
21167230
20050832
19232373
6628377
21718204
21144549
19250166
21037094
7653073
10022660
21822170
6174022
23783629
7072765
18055393
5461762
8123537
7458105
20324597
18848650
5513310
18995144
11275463
20610853
7482594
20062361
20410072
19876970
22904254
19702602
18568819
20330913
21358858
8012029
19110026
20301724
18502325
23267746
23025363
3601452
19872943
18170940
17931462
21399321
3733572
18010320
18982571
7866518
20947513
18334268
10396605
21049420
21502271
20124830
19846044
23278775
21019737
18812793
22840243
19087184
20014966
20675199
22691950
19874492
19144350
23691517
19055603
19565708
22554102
7732939
19570003
6276867
11110174
19562074
10679390
23486110
9941978
20865772
19732353
20099724
21495623
21511263
18808363
22545190
18895820
19041185
19762218
23844712
3228191
20785459
21764830
11049227
20592984
11095888
11269570
2981373
19530073
11259661
10530586
10806535
20414379
20083244
18478282
23357405
9806411
21832900
18072095
18611412
19114771
10293063
18908921
21891470
19563351
18418960
23252987
24000985
11003745
22500697
7069340
11278400
10961043
18872424
6136717
18394165
6924374
19393136
11145006
3564249
10066539
24112260
6476965
19811021
2845898
18422229
19015828
22090490
7533500
22535995
11074263
19407523
20632739
21165562
23773253
19144351
20587137
23634642
22794119
20146445
21228341
22336697
19107474
21925090
20721577
19330073
22211244
23780596
19499753
20456747
23512536
19987015
18560097
23979420
19593557
10178218
22199865
6290561
19228766
9843601
19077486
22236379
22437566
24163648
20959149
20160374
22787588
23057449
19114895
20785244
21926689
23064628
20241578
20829315
24071570
23831388
10840388
18385203
21168140
9848919
11029195
10067563
7187071
20133720
10464000
10200758
20380279
23126947
21789285
22487182
2627155
23864848
11046624
18704831
11227795
10059915
10855211
24165401
19953318
9939915
22611560
10885443
3823590
10700183
10631171
22167273
19377442
18146343
20687852
11028174
10395930
9995065
18873012
2674486
23502664
19003482
19045233
19015605
24089650
19155771
20369848
6674332
7006008
19120298
21031458
18818020
18587786
22497293
22745753
23956498
24177634
18414402
22464165
24168277
21744100
22006628
18239908
8077553
21526804
3751152
10787993
23369611
10160519
23631829
19571780
11046106
5599463
18612955
18260297
10922996
19007842
23754943
11182722
7992718
22611558
9877698
20648134
8018753
19083450
23576386
19396597
10748253
20426344
21299163
19568376
9854464
22995499
18439508
20912939
23866527
20376299
23862928
21083303
7436341
21041111
19003844
20576941
24186140
20679686
10198467
21494670
20723580
19642612
18883281
22195460
23499334
18784531
23339551
7904667
20704265
10742457
19841158
21081657
19325698
19394577
23927699
20975719
18617203
18126237
20742577
11224218
22031630
22455440
21722283
21909250
18969199
21178588
19570044
19251244
7350211
20637141
7862733
22459322
2015559
8105197
18983952
22228978
21604561
9721775
21928669
18034750
19084803
23215004
18703541
20643163
21003769
18296788
20319867
21828054
19060974
19012845
10447327
20947308
5873816
21119898
18602930
22450195
24199081
21208070
11028532
19557338
21903748
10887269
17936366
18979090
7706582
10404669
10962368
21192845
20096997
23175745
23638092
22396980
7093547
24288547
18100080
18047321
24244789
19010155
23195474
19160570
20803076
9951780
21873517
18976717
19557400
19900015
23942621
20611716
24031732
23902259
21063019
5721790
22564646
21002120
20961331
21377436
20142666
7304502
23339172
19665000
19913676
21901132
19318652
20865952
22975137
21106973
22696984
20097019
23223325
10549915
10594311
21491672
17946833
24245082
21113893
18947444
20397762
22599571
23175129
22769304
6254959
18607489
20160370
10411043
19604632
8107460
22848197
18535994
19970855
18816670
22217408
21758881
21122559
19297540
22222820
7343447
7221032
19251308
20246863
20825160
18632475
20863938
7664083
10419228
23059056
20894936
18030146
11263786
18165287
6221305
10593494
18569020
19524739
11077711
20586258
19758387
23883311
20643562
20198768
23897574
18827214
10520189
20149076
10933129
20298758
21358575
23970054
24245145
11260519
22590919
21697036
10924600
19265548
11193360
21319587
20461002
19734647
19423290
21113835
6831753
21231280
20763007
20961528
19496369
5145896
10798299
6764539
22682791
22070098
20365208
10926362
19416339
23576191
18495924
6210313
22422961
11005975
24198557
24341666
17949805
23980832
21957254
23010227
6716793
20208273
19989302
8156459
20723578
10040269
20880852
21502606
18209556
17951294
23861317
17923296
24322938
10753264
19885521
7470721
18247721
20500426
24037384
18760504
21001675
22152003
23916016
5657103
20961301
19067559
23709876
18745963
23671861
23825511
10821877
20836139
19163752
7681314
18846978
23833021
7882244
20811127
18950835
21789578
20665280
21901526
19058529
5934979
22125870
18876180
19121312
736261
22228563
19226119
21052144
10859080
23178737
7895785
7747278
18657323
21401689
19374304
22474934
19383187
10434055
20656102
10941132
18500486
18933995
21827861
22430258
24365101
18486978
19202886
22426282
6810148
21927719
18633240
10944798
24285456
18951330
21229229
21924368
21929935
21487479
9681941
19146582
19441453
20454555
23015504
21183029
11215575
20862184
22846579
18519537
20165431
7855434
20199175
18875007
20006520
19469991
9861237
21298879
20518038
10923133
5716512
19606157
20696664
18175700
9941940
20059278
11118406
21006916
20600320
10525867
22130972
19376830
10316769
10643937
7307146
21584053
7885705
20694602
18134947
23777664
19566486
19599263
21690062
19728760
20014806
2184609
10454186
19805162
19306666
20918810
10501560
18764056
11232158
19808370
18838757
20602126
10178180
23638125
18120008
11245677
18848974
6487233
21089347
23192786
8100675
21505128
10611261
19430803
20448274
18459710
17991642
22041664
19972196
5791061
19534206
19354597
9681887
19352650
9680915
18881624
18135907
19289738
19939516
7533106
11261658
19284923
20811282
23122694
23317958
17918134
11251650
19038124
24231005
18328788
11275728
11108387
10327738
7485548
19079995
18635207
22224364
10444097
21054587
20773845
22277501
10666905
18520056
18338189
23021761
11165214
20592151
18278697
19045694
22470647
11109688
19250527
24374934
19570614
20454230
10198443
22204472
18839430
20875857
18801865
21032550
8071145
7145132
10509835
20450214
10278989
20398801
19693040
18176024
24037475
10812574
18818845
20133719
22314012
1259319
6544787
21001958
20825619
24194423
21209612
18133152
19251410
17993888
20653232
19841135
21052805
21727945
18784739
10568696
21890073
24075415
18944070
22207984
11224920
18565418
21085852
23946376
7198688
10575480
21077073
19393581
21565522
18565431
21504482
18399539
20857879
23189499
20554319
19070157
11018841
18298089
18054471
18181770
6578933
21991036
10619269
21522662
19295313
5460289
19284122
20831714
18411862
24162841
21060741
10258092
18859317
10616681
24089444
23995616
10901703
23897379
11045893
18014667
20169883
23313693
21504925
20648543
8118534
21533874
3674143
24335268
20107993
22435210
19539053
11150404
11134360
11231818
21290351
21450090
19015870
18200248
18730299
22141457
10826627
10495620
18054375
9849992
20741870
22304747
18507773
23671789
18940921
18845700
11217998
20240833
24204177
18588453
20799453
18100013
18448964
20391938
18513377
21916472
19869111
18622056
23223546
20417681
11047283
23007460
20648731
23266569
18370711
22037987
21388708
21886669
20878444
22121534
10725156
22674140
20875943
19103057
19884248
9981340
19295454
7780029
10618859
10518296
10178366
19743374
19308268
23979232
23987076
23028179
21176685
18431610
7132811
18784733
10826177
10346770
22788663
21361734
18105525
23499820
20648476
24149374
21003548
22827607
10959718
18036196
5957511
23109187
20678708
10812525
21113970
23016457
21416447
10179939
21498655
18223771
24025138
20432853
21256561
19867312
20863217
18251037
20196481
18369914
20600401
20184962
23091761
21049636
7202807
21904988
11047544
6026770
19899492
18802084
10492339
18176100
19776432
18080314
24209646
10900333
10914446
23008891
18369745
10530564
20541008
21140014
18982025
21041131
22417855
19805998
17917460
22375514
19057369
23973890
23870792
18573920
3510085
10981347
24268456
21600284
20007818
21696998
11074521
21171465
22577036
22470576
6940320
10899175
7726731
23735950
20961267
18361970
24210815
22436199
18740920
20137470
7515802
22509248
10591178
23388811
23199921
20833918
20439969
10492112
10525828
19010629
22448166
10991217
10772131
20763386
24330543
11200640
10519005
20696599
21157940
20880507
23289808
23109658
19841432
21359946
22900091
20779415
21214530
22141021
22179022
5553932
8071265
20126155
20102719
19060466
6780091
19301537
19163751
5229321
10090893
19948165
21387059
10168668
21794120
18848298
18838627
22672012
20831159
17980288
11191186
21001272
10509508
20402836
22076687
3476589
23596349
22050727
10765790
20723537
8151020
11258668
20651206
23704084
21498683
22789920
11002788
18962280
19293184
18679163
21050142
21019651
10777423
18900015
23747738
18807821
24056987
23023200
18864201
20928444
18934778
23582073
22764795
20779887
22822637
24195280
20544673
23516807
18573647
18911358
22721076
18490621
11250928
21436388
22237899
20809115
10638694
23281659
8139459
8015211
23831504
18198637
22548658
19821108
20963876
23785311
20723544
24225006
2720571
18039996
23923695
18352240
23269596
22718656
20773510
18590447
22202930
20377539
20598118
21229758
23862530
19823590
19456700
23787246
21700805
23676467
9980169
22009297
18329482
11071840
6153022
21105398
19935618
19548434
19723815
18265622
18860169
24000113
19807054
23709133
20959688
6315998
10150485
20782942
22947050
19967239
24223777
11261045
19587923
22009723
22497768
10215489
20612367
23761302
18522443
24086238
10708853
18132580
23065799
18288714
18621484
20648484
19914683
22239557
6852860
10620337
18947624
22567831
20198769
21189372
18801911
21238288
19828278
20974080
18265672
21859049
21401959
22629431
20767988
1893556
21112622
3816269
20764393
22738576
19869110
19316242
21121627
22935564
19155777
23100646
19393196
18894535
23196561
18609996
22417852
19271528
21257566
11198385
18525605
11050310
21183010
21848855
20723552
18455532
21748771
23109434
20832964
18383887
18758576
2967385
18721414
7349467
18699433
21105330
22167654
19762528
19832650
11274115
10984487
7727520
24074123
20944452
8047329
22819502
5136536
17949817
20084833
19897400
20768617
11134589
7747112
1026162
20019403
18984709
11029022
1381237
21473753
20961500
18613658
20707262
21076179
20506128
21957094
20811794
24078375
20556535
21078870
24074869
18424219
21712862
5781938
6635468
11183079
18742937
23897358
10637982
21471534
19397199
19416131
19870111
22070444
18836149
19160574
7982185
18091083
1219439
10476601
20211109
8069281
10217393
18736969
23805299
6816198
20380348
21975647
11172558
21580665
21499147
11081080
24089484
23768451
20808821
20135414
19947671
21817541
7342307
19003377
20771886
18343589
21556066
9924305
8149898
18237742
18687533
23243767
18009369
5650533
22048248
21054311
22212744
22716237
18661182
21604723
7454462
20102859
7354297
19470198
18666273
22943613
10491288
11215869
7507070
18996847
21383876
22848034
21949191
24330549
20825707
22050834
18780605
11076897
5407745
11116922
22058232
10890588
7883836
18811317
7696941
18524947
18499656
18934195
8078211
18936101
19301155
24322606
7729226
703527
18588030
8024515
11047577
7001475
18754405
5296866
23669395
19404849
22602369
10984415
21881864
9737553
23685292
5692564
11020485
11021025
21282001
22355340
9721543
7277992
22214918
1832420
18729412
23845228
11277395
7872909
19732015
20971262
7543515
20634203
3011563
10843516
3553438
22187085
19140487
19724563
22109540
11150442
9790676
18350620
22146321
22781978
18542085
19862572
6395423
8125308
19560871
18858139
6362958
20825557
10695483
18723666
22682807
3183445
18811775
7069091
7443478
18674660
10916709
7840449
18482230
20942357
9978286
20696071
7938472
21309193
18765069
9923495
20243621
9720081
18866265
22229290
19398683
24225001
21139958
22031540
19050131
20178586
22519475
10366541
844481
7366936
21489429
17951570
19732692
19210504
21006170
22440870
10643744
9806885
10992469
17914176
22689383
23819606
20677933
18571343
18642841
20129166
10090929
10178379
20580475
19676914
6199846
22417856
18009249
18828853
20076487
23057666
21026413
23215999
19938481
7029666
22781758
17914987
20427793
23619853
17997815
18017552
18550836
21832929
18958422
19869109
7495734
24194110
17916693
21910927
18657201
22058303
10502310
18939836
17974139
20725163
20350499
7035113
20723546
19263001
7241228
20419547
18210399
3810063
24033003
18602857
23212263
19682035
332468
22589871
6635479
6248308
11028888
11051259
21153337
19702358
10983002
10507733
20900992
23979123
19140682
21478016
21109316
11124689
19367115
19515626
22487184
21203075
19217145
10975081
6722145
22158320
7626056
18096874
20102759
11260766
23141750
7972168
18568820
23755107
19875168
18801821
19044654
11218563
24099230
23106162
10987393
20375237
19393441
18455558
18549309
22516755
7229933
19838729
10201111
24225022
11010039
19899861
7724167
6705022
19723237
23835586
19497628
18744050
21277847
19011564
19680876
7987489
23558723
18985310
10789959
11046011
10739817
11140037
10327572
11024705
8095734
23698086
21992657
21916644
10853338
5351081
24094266
21776507
21724862
18010655
19038059
22652606
10452763
21324196
22718728
23390165
10637748
21855996
10526335
21281500
20723551
5632150
22617054
7820547
10510074
2612880
6906574
21163390
10671868
10573521
7882019
18926960
19315117
21414932
23942554
18987918
19715604
21383209
20142664
21142373
24112560
10505310
17916077
7606935
22556707
19934535
8170235
7996662
7869914
11027857
18457843
19041366
11032237
23972532
24031903
6845150
11047612
22753315
18819175
18781444
21974798
21257482
18181775
10677794
22534110
22453572
22617055
18175976
10577005
21412260
20544987
19893249
23825566
6775255
22126390
22128603
6856087
18258457
19234101
23979092
22948537
7414355
19393408
10332492
22130971
21326605
21978193
18986788
20147812
19251709
19841390
23705384
21494731
18638542
23306952
18282186
19016016
23237529
7799879
7487684
7797642
23495425
11264733
1196325
19498931
19519100
9946585
20648255
7727524
10806692
22031631
22158322
2739138
18660945
10987260
19594476
10664016
20723584
7508154
7586301
10199388
11125264
21281388
6135855
21319536
22526445
23501719
10801412
21093555
22338404
24089688
24272601
18509724
19013351
10325296
19144349
21712634
21704099
22566390
2460055
3679652
22683373
19251441
19263814
19070454
7387271
7702072
10592568
21297627
20661448
11186514
8027161
11081152
10635144
9681007
10178393
18739553
18260273
18163631
21015942
20830940
19711926
22419306
19895908
10999371
18277273
18672715
21052262
7596666
7536735
22128876
19026075
11011834
3869664
10553360
20062754
22885384
2979478
19708595
23950182
3041520
24266010
18268032
21092679
22434153
19336252
11045992
7670566
22559384
20713640
21381652
24248400
11228057
20623080
19250595
24162849
24114045
19251044
22707921
21502385
10986833
23328088
17973291
20650434
18543720
19228448
9910079
17995142
7942107
19083633
19122153
24267597
21027173
21363360
20380999
22418789
10475794
3073570
9861049
21284751
18176082
22600098
10847808
10552464
18232223
22091123
18465747
21927819
7282795
21022934
22455613
21898335
18056258
21990574
7075720
22764861
20804943
23649575
19302227
6717654
17950990
21755791
19456499
5769467
19393965
9973598
21443998
19393367
23916005
20506011
24075958
18687548
20833973
22432449
24070261
18532243
21195351
18055354
3061747
19163771
24237269
2761913
18881590
22489264
21583071
11173142
20450037
7716286
18258508
18465864
22328302
21541825
1036725
21879651
6250068
7844860
23012985
22226144
19685399
17976594
23096935
21924224
21758730
19698935
22611557
23904292
5404091
6572286
21213948
23670019
6765445
21916264
19352534
6967209
17980726
24000431
2985394
10801406
19286089
10944308
10107702
6295205
21213707
20330015
23999977
18612073
5939668
23106918
20181455
18481924
10934145
22798833
19084809
21502540
10067523
21021382
20878563
20769694
19894178
11170930
19531911
18232850
24195273
23194973
11281304
18006228
21477811
19821867
19104921
20651476
11178915
10909812
18978440
18872879
10178280
20985794
10258358
23646987
10862387
18465235
18030129
22977075
22720764
20581297
9825107
20160373
18132724
11147266
23151567
20159791
24245370
10607003
22841691
18030466
6781476
7647004
19842656
22948528
20068003
6905496
18802010
6536725
3634512
24298427
11082260
22508097
20395111
7542865
18739628
6726431
11078662
9681906
21817624
9947669
18374907
22050847
21020974
22052233
18828333
23189749
7155489
7600080
22286527
19228515
18014638
18980698
23162622
10507578
18955521
18311108
23909872
10756356
11118308
23058521
23352721
24011925
3528968
22811878
21297384
19949279
20830438
23916205
18903805
2463624
6064118
19016667
9924717
20454235
5270891
22139934
11071287
6765298
19384890
7568580
18227582
7727529
6932172
19373119
19155778
17935962
22335595
21718120
23896271
22129220
7321709
19920888
10421700
2803537
18424113
21833295
22577043
23152267
11074861
18406516
19351360
19282777
22529225
6742741
7499491
18294485
11074082
19123124
23944911
22761938
19371706
24329078
20319473
21138862
1172847
3510532
23268152
8060723
22904692
9736842
19834670
7854043
20865938
18988899
23732396
18848556
21213758
10675082
10439339
18186424
18176009
22131161
18585302
9958298
22762871
10568707
5451436
11260857
20009837
20605027
20633364
24285676
22860871
24312184
21452326
9889250
10327863
23021343
7179488
10695887
11008277
18187675
19115653
22122574
21031236
21225238
20858908
19370194
597261
19735640
22725717
19899683
19586849
5393850
20097061
24026401
23186641
19156733
18802051
10987659
10178441
11262711
3657689
21081767
7968364
10948215
18481709
21126494
23991416
21088850
11146335
19758748
23683136
23893021
24268448
11042619
9720703
20648907
18740841
21181056
20585252
23067874
21747129
10901069
19465145
21992191
8153433
7856854
620772
22852308
18587890
21606925
7290580
7712411
23680806
18669578
20788354
23142303
20090455
23385650
10258422
10325311
10557863
10332384
10797833
19688828
10643544
6409712
3032036
10628543
22671480
22497252
19705445
17919325
11234378
11056883
5229300
21312288
20151901
21311901
10524701
23765406
10209514
19300450
22328293
11187036
20177975
23114630
23514333
1069490
22738232
18992776
19808092
6503603
11138335
22479618
6635404
20878114
5173504
10930478
20750282
21041149
10179454
10819013
24141226
7924157
22647936
21721989
10101663
21030501
9711803
20442098
10544419
10958702
19012488
21120827
9708229
22905073
18660433
20954386
21469111
22217862
24204446
24148231
21154343
24120752
20451664
23131535
22567614
21502160
23697779
19317442
20723549
18719930
21934492
21062210
21384332
7856858
23926322
19843652
19037236
2037667
10901791
18988571
22948535
22777544
22566803
18448384
7268401
21339441
11082189
23092466
10773427
10756925
18250988
11207413
21069948
10081005
7797440
21926429
22818667
23018496
11249087
22781977
2820636
22821385
18024005
18344457
23546498
18939342
19398283
18067959
18801427
21077279
18611720
20599725
11058417
6976034
22629854
20198268
18653121
10178326
23129402
20736953
10475843
24165669
18939032
24243286
22610936
23646060
5393811
18054876
6572641
19570763
20206929
7483504
18583079
20659207
24140908
18584245
6411741
20146737
22710606
18569544
18118207
10355098
18136183
24342170
20376450
19229898
8103420
23911632
5071084
10784739
21498376
19820338
18673904
23010224
24306327
19926621
19994053
24112142
10853344
19398777
23865065
21021204
5294171
11029220
22454662
21398081
18333962
18622234
20969978
7986231
11068178
20242971
18783090
10771436
11126116
22215801
21990185
10568702
21070664
10871586
21564710
18874122
21880638
19031001
21330820
21255589
788327
10582288
10804316
18091788
10577143
10643644
18290811
19002304
18741139
1169104
20788366
24245166
18898441
19325323
18311121
20435417
84513
20585805
20613635
21927811
9701683
21156959
21713422
18801926
18518375
20095414
10842925
17940596
23266594
23639699
22043495
5670458
21037519
10677166
19418204
17950362
6489406
20723479
21139987
24113455
10783959
10984107
20460763
19888160
19884765
18778505
21081483
6862453
22089173
20166828
10689704
21082272
19035986
7793275
22501305
11130120
21403323
21715145
18983224
20201792
10984795
22192796
18958324
22328294
19869113
22892898
18433545
11201317
22764206
23211761
19136008
8113406
22600834
19609879
20011225
20209448
20648147
18847886
7944480
6490105
22672011
10217372
6342155
7727260
24157015
20133723
22488523
18252893
2819596
18935767
10643207
21692956
21881638
11237418
19396613
21124433
1856114
6216035
18496659
20900185
22600835
23909742
6382496
7988141
10090903
18977610
23050543
23805971
18068263
20393454
19009633
19346275
7691681
10680399
23211073
19461921
18203942
22959810
22599782
8126071
22919061
20779787
24091991
1967166
19401517
18161062
19588440
23765423
18513596
19566831
19064497
18120076
20813843
18817074
19385714
19967939
1381065
22392374
9870855
18434420
19024914
10901481
7395304
17971344
7941876
22710190
7571116
18150207
21749986
21704485
19038011
11029367
21081220
5175695
22718206
7814056
18827593
18811020
22886969
22564648
23695668
24033706
6834251
18158416
19255756
18490629
20947255
11171062
2175356
23366763
19437522
23727673
18401078
17973031
852999
24261298
6976293
8005436
22975749
11019978
10171840
20004775
10316709
10344424
7727476
10474982
19102567
8113715
19841406
8136710
10975750
23576252
21012988
19715114
11222938
21069440
20976721
23969633
23508166
21595327
20613219
8153622
7822211
18875314
22807762
24042521
24037373
10790184
8401681
11070417
7720847
18940882
20961445
19349734
23388828
20450034
11038499
22119894
11052742
19033782
18807849
18053623
10824536
18119981
20783873
23253133
22140178
23112719
19498889
19232374
10532513
21817295
601360
21076071
18801599
8178076
6349403
18035618
24100140
20142661
19393492
7642241
18239063
9757112
20399920
18947821
10643682
18611907
10867553
17938365
20538197
20788324
20098681
11151823
22365889
18068131
19447147
19727380
19865047
19683623
6535905
19506990
20369296
9690652
18030118
19893513
19600226
19388595
10986529
11232611
7567602
10985955
21711640
18922194
20385950
19084470
8128583
20149036
7715089
10335276
21704274
7110353
21046343
20723561
19346037
21019963
18763934
6801259
10758756
18547942
18863579
21898770
18909564
21321114
23090988
10826178
18988550
22392496
7845673
19281065
5568841
18491653
8044478
22688999
22387146
18775885
19744815
11020317
22415524
19024342
22828756
24278361
21149658
19042638
10566183
24273420
10462719
17914395
23932588
19704250
20418282
5893106
18294450
20941837
23862946
21292965
18758602
18959962
19070558
20585875
23326906
18922099
11080415
20489899
10641261
18932915
22040229
18364311
20723570
11125271
19376353
23811642
19160575
21034478
21052207
20048798
17913733
19011247
7904271
23321398
22706090
24143257
22823055
18216683
20648378
7182953
11065850
7727470
7361866
21809274
21889503
19825750
2612874
21105386
21498664
7766220
21476625
11092120
20971173
10532770
18947048
23376582
22577381
10652795
19843264
11234443
23311389
10812552
21048705
11090321
17946859
19531901
21552111
10114891
21779333
7751846
10719918
23845113
10861739
24070061
23660062
19873935
23897411
19456749
10335006
19229897
18721426
21012067
20142663
11058508
18683960
21032580
24341500
18092821
20691728
19016464
23486913
18589304
19706892
21226751
21589870
19016043
19541387
22773933
18352030
19502558
20372823
18170074
10463079
21905658
7844001
18208209
24027457
11259775
21021194
18407351
747264
365194
18765112
19120957
21106481
7457522
24090181
18571631
18921119
21093578
8007262
23647776
3074453
23697649
24329403
11090417
20703725
11173237
19091736
10821536
22238077
11046166
6377135
20767829
10894851
20147064
22496322
11252501
10946838
19401566
22848188
19947955
24109875
23576236
19086720
18234754
21440668
21243064
18513306
18864503
9876650
22048214
18300722
20469319
20687819
11181215
21298912
21338962
11246281
19251384
20063991
11202470
8180304
22426222
20323611
19096514
18758215
22204038
6290575
5741900
11206560
20723582
21452568
9708211
22534620
23106267
11081134
18811465
24224648
20772804
10333009
10639066
18525102
21589896
22747720
19669031
18866376
6680183
22094122
19462219
19038303
21500070
18801881
20611911
10892968
19393222
11046203
10667018
23343191
21370983
6221664
19270585
6256300
6660644
11218802
18866606
23240461
18814418
22479620
19080103
24229223
23318763
22459316
11280523
24334000
18912598
10432966
18567338
21838501
11277958
22772823
22780271
18320677
10625183
21943460
18044678
22694684
10474925
6336808
11049348
18092110
6100928
23790414
21332619
10544615
11071628
18783163
10258287
23012678
10044595
3685267
22135929
19049123
8022077
23979634
22080741
20604515
7844823
6107778
21892346
18660817
19732127
7525345
7209449
19676906
18893256
20576850
23055733
18210933
21498643
10828963
24003617
18036702
10762032
6489920
7339899
19519290
18175992
22617056
21854938
22547082
17911557
21498726
19395614
20858730
23188446
20125199
21554979
23677010
19948439
21143840
20739030
19726006
20612542
24283218
21566844
5438283
19471814
11223986
18890981
9888740
10638456
11029445
20648533
21177701
19127680
19688821
18925839
19601456
18174840
5958740
21179929
21054117
20413965
18205350
23025368
19048423
10150941
18724097
11163407
10178325
21064962
7350930
5927480
21210083
18601558
10532597
18364510
19086502
8153116
20514405
18545650
19306746
22039600
18321253
10257550
21890256
20723483
18125987
11107607
18961268
18120127
19010832
7535486
18420412
24306232
18467931
19974476
9921978
22020561
18549032
20779308
19345480
21167081
21142323
10502192
5933822
20439881
19063599
19670147
21152622
19297634
19302785
22684416
18728746
23251946
10690710
18599749
8175664
18680558
18918151
18736847
21765684
22705559
23845902
21083049
6635459
24192401
23510839
21206723
10806453
21124607
20499391
3683892
24259758
23109174
19289823
19842857
22036911
21793453
20242436
19033083
23006672
21020325
10695792
20723576
18490512
20160371
18239632
3809944
22597071
18119674
11126531
19804749
19760743
20437830
20284878
18187054
21209735
19822887
2957298
8068944
21792906
6458946
20697283
20801765
8049893
3749423
10678842
11076910
23055729
18811903
19936463
10789973
19637053
21797477
6385853
7221299
20489657
10662572
11154281
21387701
20160376
23902447
19411561
324069
19095874
10335611
17919864
7646435
21909427
10975817
22369357
10582023
18037384
22029080
22216045
9701664
6134190
19368274
23583481
11000669
24084277
10258171
18893960
18388851
19455763
24300496
18691892
18420614
23366932
19042473
20763643
10789587
22718064
19099667
10198437
21149377
19659388
19300842
23538854
11045129
11086209
11090703
19418415
18936535
19567355
22091522
10178420
11046056
19396948
7798110
11107709
21157832
5301939
18176051
19336226
22611472
11076141
18967566
11201157
20181304
6010418
9805684
19293017
23898077
10540193
2186587
18728319
20075145
21157519
11077204
20786982
19040768
21259225
23289346
20014370
19352065
19422959
23182182
11088627
19144347
20954664
6205857
21139428
23492226
10783617
21929181
19258822
21264338
18431888
5742369
22497294
24191553
21905055
19846364
19960703
19738920
18550974
11000210
10646183
10856427
3151998
18536207
3742400
8116044
22444994
22851489
18832043
24112245
18430569
19037720
18982822
18865070
18044486
19668491
22821538
18852217
6500190
23835359
19006597
21854166
19778004
21772501
22747510
18691548
22043527
19734291
21261690
10396745
23720605
24002697
22750714
11056967
9722609
7885310
20206937
22789848
10809404
18920233
6761410
10521770
18916500
18186884
21416266
10694842
19114769
11259369
11239998
21396115
18490674
20656116
18736824
18483137
7169330
7840443
21291384
22141795
18074307
8116203
22573503
10887598
11198083
22070336
18929666
19393694
9978290
18387027
18477151
21247353
18535943
10293698
23502077
18823779
21424323
23194632
21376549
22121687
8117838
20088517
19035967
23611026
22190222
21246660
23327117
23649623
23764345
11007826
23102094
23366084
19256113
21573751
23321440
19393338
18212775
10178445
21925368
6389776
20825763
2160024
20554361
24149194
10295159
10699183
18869070
19308089
10932146
18671295
19841171
11202287
10739906
